-999
-6 0 21 -2 22 -15 -999
-4 -3 -999
12 -4 -3 -999
666 -999
-6 0 -999
-6 -7 13 -999
2 -999
3 -999
0 -8 -999
12 0 -8 -999
666 -999
-10 -999
-12 -999
-17 13 -999
-13 -999
-15 -999
-5 -999
13 -999
4 15 -17 13 -26 13 -11 14 -9 -999
-17 -999
666 -999
5 15 -26 14 -9 -999
6 15 -26 14 -9 -14 -999
7 -9 -999
666 -999
19 -16 20 -999
-9 -16 -999
666 -999
0 25 -17 -999
-18 -999
-21 -19 -999
-20 -21 -19 -999
666 -999
23 -999
15 -999
14 -999
16 -999
17 -999
18 -999
24 -999
-23 -22 -999
8 -23 -22 -999
9 -23 -22 -999
666 -999
-25 -24 -999
10 -25 -24 -999
11 -25 -24 -999
666 -999
0 -999
1 -999
21 -17 22 -999
0 -20 -21 -999